0.
0.06426583616823811
0.12846525382247587
0.1925319031544156
0.25639957169602906
0.32000225281192585
0.38327421397860834
0.4461500647799193
0.5085648245482826
0.5704539895817025
0.6317535998669306
0.6924003052397172
0.7523314309136486
0.8114850423097286
0.869800009119583
0.9272160685359621
0.9836738875850808
1.0391151244962638
1.0934824890453598
1.1467198018094615
1.1987720522715795
1.2495854557151276
1.2991075088493198
1.3472870441078983
1.3940742825649868
1.4394208854132913
1.4832800039513736
1.5256063280282497
1.5663561328951758
1.6054873244161354
1.642959482590232
1.6787339033409554
1.7127736385290677
1.7450435341477153
1.7755102666602403
1.8041423774430965
1.8309103052982438
1.8557864170013771
1.8787450358544064
1.899762468212648
1.918817027959303
1.9358890589019158
1.9509609550676599
1.964017178876484
1.9750442771733323
1.9840308951028889
1.990967787812524
1.9958478299713622
1.99866602309567
1.9994195006730227
1.998107531079989
1.9947315182903682
1.989295000373291
1.9818036457827937
1.972265247442758
1.960689714633392
1.9470890626877115
1.9314774005087398
1.913870915920407
1.8942878588673733
1.872748522481225
1.849275222032707
1.8238922717918382
1.796625959819929
1.7675045207196565
1.736558106371472
1.7038187546866927
1.6693203564097008
1.6330986200036584
1.59519103465618
1.5556368314432998
1.5144769426920146
1.471753959583535
1.4275120880411816
1.3817971029486822
1.334656300746297
1.2861384504539295
1.2362937431719736
1.1851737401122358
1.1328313192127986
1.079320620392135
1.0246969894992224
0.9690169210177157
0.9123379995835703
0.8547188403766812
0.7962190284483293
0.7368990570472677
0.6768202650083543
0.6160447732685943
0.5546354205763406
0.49265569846027407
0.43016968552550094
0.367241981144832
0.30393763861392914
0.24032209783953035
0.17646111763048677
0.11242070766171722
0.04826706018154636
-0.015933518466871487
-0.0801146764391105
-0.1442100850270115
-0.20815350726912313
-0.27187886646300874
-0.33532031450850386
-0.3984123000111498
-0.46108963607532294
-0.5232875677168787
-0.5849418388255219
-0.6459887586076192
-0.706365267440662
-0.7660090020712411
-0.8248583600890633
-0.8828525636102803
-0.9399317221042569
-0.9960368942987523
-1.0511101490994863
-1.105094625461056
-1.1579345911472783
-1.209575500320184
-1.2599640498980873
-1.3090482346244634
-1.3567774007906765
-1.4031022985570176
-1.4479751328179624
-1.491349612559059
-1.5331809986544322
-1.573426150055517
-1.6120435683232706
-1.6489934404578803
-1.6842376799816967
-1.7177399662329802
-1.749465781829873
-1.7793824482659213
-1.807459159600414
-1.8336670142087572
-1.8579790445601487
-1.8803702449918287
-1.9008175974512873
-1.9193000951799004
-1.9357987643135988
-1.9502966833783482
-1.9627790006603834
-1.9732329494333525
-1.9816478610267483
-1.9880151757222335
-1.9923284514667257
-1.9945833703933635
-1.9947777431437537
-1.9929115109871685
-1.988986745734651
-1.9830076474482707
-1.9749805399480485
-1.964913864121359
-1.9528181690418924
-1.9387061009075217
-1.9225923898086845
-1.9044938343411357
-1.8844292840791534
-1.8624196199275018
-1.8384877323726454
-1.8126584976558933
-1.7849587518932826
-1.7554172631691645
-1.7240647016325186
-1.6909336076271293
-1.6560583578887471
-1.6194751298443868
-1.5812218640508906
-1.5413382248117435
-1.4998655590131136
-1.4568468532218277
-1.4123266890898563
-1.3663511971116322
-1.3189680087821638
-1.2702262072056607
-1.2201762762058852
-1.168870047991061
-1.1163606494276548
-1.0627024469787327
-1.007950990364054
-0.9521629550003003
-0.8953960832811532
-0.8377091247581324
-0.7791617752841662
-0.7198146151830658
-0.6597290465089262
-0.5989672294605368
-0.5375920180167115
-0.475666894859196
-0.41325590565066384
-0.35042359273583856
-0.2872349283344617
-0.22375524729534377
-0.16005017948110933
-0.0961855818537109
-0.03222747033105729
0.031758048514704276
0.09570484584648387
0.15954683896832866
0.22321805967747047
0.28665272249153195
0.3497852926803365
0.41255055403182117
0.4748836762819888
0.5367202821390752
0.5979965138325734
0.658649099118298
0.718615416671148
0.7778335607979705
0.8362424054035728
0.8937816671436997
0.9503919676997368
1.0060148951106622
1.0605930640989225
1.1140701753278202
1.1663910735291778
1.2175018044412276
1.267349670497868
1.3158832852117701
1.363052626195171
1.4088090867635557
1.4531055260690091
1.4958963177114057
1.5371373967773407
1.5767863052582036
1.614802235800571
1.6511460737437893
1.68578043740139
1.7186697165448381
1.7497801090499512
1.7790796556682222
1.8065382728872885
1.8321277838466816
1.8558219472770978
1.8775964844334176
1.897429103993812
1.9152995248993845
1.93118949711092
1.9450828202614787
1.9569653601857668
1.9668250633093864
1.9746519688833266
1.9804382190512504
1.984178066739414
1.985867881361284
1.9855061523311979
1.9830934903836823
1.978632626697306
1.9721284098242373
1.9635878004289262
1.9530198638416205
1.9404357604346762
1.9258487338318797
1.9092740969632465
1.8907292159799791
1.8702334920465034
1.8478083410286743
1.823477171099444
1.797265358285409
1.7692002199798225
1.739310986449729
1.707628770366952
1.6741865343947568
1.6390190568639422
1.602162895574153
1.563656349758142
1.5235394202485306
1.4818537678886052
1.43864267023037
1.3939509765649167
1.347825061331915
1.3003127759566007
1.2514633991643849
1.2013275858246917
1.1499573143771658
1.0974058328948935
1.04372760384063
0.9889782475734153
0.9332144846642061
0.8764940770804357
0.8188757683005166
0.7604192224204378
0.701184962315642
0.6412343069223172
0.5806293077031511
0.519432684363492
0.4577077598844517
0.3955183949404773
0.33292892176919225
0.2700040775621902
0.20680893744574674
0.14340884712087917
0.07986935523260762
0.016256145538401934
-0.0473650310538858
-0.1109284245082211
-0.17436835367229908
-0.23761927420874568
-0.30061584637527755
-0.3632930025836908
-0.4255860146677268
-0.48743056079023717
-0.5487627919204071
-0.6095193978122837
-0.6696376724163735
-0.7290555786566174
-0.7877118125058558
-0.8455458662934281
-0.9024980911795911
-0.9585097587320934
-1.013523121541329
-1.067481472811456
-1.1203292048659028
-1.1720118665068602
-1.2224762191695566
-1.271670291813304
-1.3195434344927328
-1.3660463705538888
-1.4111312474013806
-1.454751685784235
-1.496862827549625
-1.5374213818152813
-1.5763856695130074
-1.613715666257428
-1.649373043495837
-1.683321207896813
-1.7155253389370522
-1.7459524246478193
-1.7745712954842738
-1.8013526562828686
-1.826269116274069
-1.8492952171195745
-1.87040745894535
-1.8895843243438248
-1.9068063003206965
-1.922055898163972
-1.9353176712149678
-1.9465782305232315
-1.955826258369482
-1.9630525196429176
-1.968249871061455
-1.9714132682256844
-1.9725397704995942
-1.9716285437133543
-1.9686808606857085
-1.9637000995657896
-1.956691739996422
-1.947663357103241
-1.9366246133161997
-1.9235872480322953
-1.9085650651305501
-1.891573918352553
-1.8726316945640267
-1.8517582949151041
-1.828975613919183
-1.8043075164723348
-1.777779812837447
-1.749420231619285
-1.7192583907588457
-1.6873257665773198
-1.6536556609020652
-1.6182831663089683
-1.5812451295174457
-1.5425801129763652
-1.5023283546809083
-1.4605317262623148
-1.4172336893942068
-1.3724792505608692
-1.326314914234652
-1.2787886345112125
-1.2299497652529583
-1.1798490087925675
-1.128538363249948
-1.0760710685173978
-1.0225015509691853
-0.9678853669529377
-0.9122791451216556
-0.8557405276661751
-0.7983281105091646
-0.7401013825227847
-0.6811206638330298
-0.6214470432749273
-0.561142315063356
-0.5002689147453211
-0.43888985450002366
-0.37706865785392896
-0.31486929387843043
-0.2523561109384504
-0.18959377006054115
-0.12664717798961125
-0.06358142000364672
-0.0004616925559818297
0.06264676418502726
0.1256787338291514
0.18856909122029206
0.25125286978555395
0.3136653287076775
0.3757420198512448
0.43741885437352457
0.498632168950933
0.5593187915527098
0.6194161066937227
0.678862120098966
0.7375955227129073
0.7955557539875608
0.8526830643838276
0.9089185770216317
0.964204348415078
1.0184834282300255
1.071699918002327
1.1237990287561446
1.1747271374629418
1.224431842282835
1.272862016531442
1.31996786131653
1.3657009567902336
1.4100143119640953
1.4528624130355423
1.494201270176152
1.5339884627334903
1.5721831828000838
1.608746277104712
1.6436402871829663
1.676829487785867
1.7082799234870856
1.7379594434512424
1.7658377343276506
1.7918863512358059
1.8160787468109614
1.8383902982800673
1.8587983325404571
1.8772821492157195
1.8938230416652844
1.908404315926401
1.921011307569303
1.9316313964485414
1.9402540193356532
1.9468706804204983
1.9514749596708523
1.954062519042031
1.954631106530566
1.9531805580681771
1.9497127972545365
1.9442318329295392
1.9367437545880666
1.9272567256424145
1.915780974539835
1.9023287837448364
1.886914476598084
1.8695544020659827
1.8502669173971489
1.829072368704201
1.8059930694913966
1.7810532771507983
1.7542791674517235
1.7256988070503487
1.6953421240483164
1.6632408766312972
1.6294286198203531
1.5939406703709487
1.5568140698563693
1.5180875459741268
1.477801472115867
1.4359978252429413
1.3927201421116928
1.3480134738941039
1.3019243392411572
1.2545006758378792
1.2057917905004856
1.1558483078677089
1.1047221177396755
1.0524663211192018
0.9991351750116428
0.9447840360407442
0.8894693029391121
0.8332483579731541
0.7761795073632909
0.7183219207614692
0.6597355698487544
0.6004811661168235
0.5406200978979707
0.4802143667089541
0.41932652297483075
0.3580196011993732
0.2963570546493958
0.23440268962069455
0.1722205993537576
0.10987509766780715
0.047430652381838356
-0.015048181408227335
-0.0774968281272519
-0.13985075852423695
-0.20204555641211408
-0.26401698527498946
-0.32570105467379495
-0.38703408638167136
-0.4479527801807552
-0.5083942792521287
-0.5682962350915489
-0.6275968718836726
-0.6862350502683592
-0.7441503304331207
-0.8012830344665569
-0.8575743079084073
-0.9129661804326646
-0.9674016256011416
-1.0208246196258215
-1.0731801990793854
-1.1244145174944549
-1.1744749007931632
-1.2233099014899604
-1.2708693516118634
-1.3171044142815924
-1.3619676339105724
-1.405412984950152
-1.4473959191508872
-1.4878734112813494
-1.5268040032594832
-1.5641478466512146
-1.5998667434926959
-1.6339241853943494
-1.6662853908866329
-1.6969173409692795
-1.7257888128276866
-1.7528704116819591
-1.778134600736104
-1.8015557291968767
-1.823110058333672
-1.8427757855530515
-1.860533066463414
-1.8763640349075121
-1.8902528209425546
-1.9021855667498007
-1.9121504404577043
-1.9201376478648333
-1.9261394420509261
-1.930150130866704
-1.9321660822951952
-1.9321857276796033
-1.9302095628148717
-1.9262401469024053
-1.920282099369555
-1.912342094557721
-1.9024288542851113
-1.890553138292427
-1.8767277325818834
-1.8609674356622108
-1.8432890427144353
-1.8237113276953223
-1.8022550233976118
-1.7789427994881906
-1.7537992385474785
-1.7268508101353675
-1.6981258429110877
-1.6676544948363579
-1.635468721493216
-1.6016022425498058
-1.5660905064093407
-1.528970653079333
-1.4902814753000049
-1.4500633779726106
-1.4083583359300769
-1.3652098500942416
-1.3206629020653824
-1.2747639071915882
-1.2275606661669267
-1.1791023152089057
-1.1294392748672593
-1.0786231975173661
-1.0267069135930975
-0.9737443766150173
-0.919790607071258
-0.8649016352095188
-0.8091344427995955
-0.7525469039271409
-0.6951977248801932
-0.6371463831909348
-0.5784530658961015
-0.5191786070801039
-0.4593844247657799
-0.39913245721831614
-0.3384850987284035
-0.27750513494134776
-0.21625567779911412
-0.15480010016288218
-0.09320197018385784
-0.031524985490312185
0.030167092740813084
0.09181050575961003
0.15334156319774578
0.21469670893363102
0.27581258680001386
0.3366261060660103
0.3970745066258323
0.45709542382677865
0.5166269528695088
0.5756077127139749
0.6339769094250285
0.6916743988922471
0.7486407488592257
0.8048173001982766
0.8601462273673686
0.914570597986842
0.9680344314745457
1.0204827566789347
1.0718616684506872
1.1221183830946746
1.1712012926450548
1.2190600179077602
1.265645460215718
1.3109098518436502
1.3548068050306263
1.3972913595599505
1.4383200288476463
1.4778508444921874
1.515843399239786
1.552258888321272
1.5870601491181544
1.620211699117399
1.6516797721160144
1.6814323526385566
1.7094392085323975
1.7356719217075747
1.760103916989931
1.782710489058236
1.8034688274379658
1.82235803952645
1.8393591716261242
1.8544552279647166
1.8676311876832745
1.878874019775055
1.8881726959604292
1.8955182014850955
1.900903543831045
1.904323759331902
1.9057759176864146
1.9052591243660708
1.9027745209149998
1.8983252831424617
1.8919166172104802
1.8835557536212875
1.8732519391114677
1.8610164264618354
1.8468624622342353
1.8308052724486026
1.8128620462157852
1.793051917343645
1.7713959439361893
1.7479170860074034
1.7226401811336685
1.6955919181705275
1.6668008090616064
1.636297158769585
1.6041130333607945
1.5702822262771778
1.5348402228311107
1.4978241629602969
1.4592728022820216
1.4192264714874565
1.3777270341187382
1.3348178427729842
1.2905436937790353
1.244950780394533
1.1980866445720313
1.1500001273447271
1.1007413178835654
1.0503615012788576
0.998913105100977
0.9464496447957793
0.8930256679717052
0.8386966976366836
0.7835191744437654
0.7275503980058572
0.670848467340375
0.6134722205060229
0.5554811734942727
0.4969354584391112
0.43789576120938895
0.3784232584483654
0.3185795541260532
0.2584266156701147
0.19802670974154565
0.13744233772191333
0.07673617097883811
0.015970985977077967
-0.044790400697728716
-0.10548519733535633
-0.16605070204977626
-0.2264243676135409
-0.2865438661103441
-0.34634715333906074
-0.40577253290263604
-0.464758719915431
-0.5232449042633883
-0.5811708133515029
-0.6384767742737752
-0.6951037753416708
-0.7509935269072753
-0.8060885214187109
-0.8603320926456451
-0.9136684740139279
-0.9660428559893439
-1.0174014424511815
-1.0676915059977674
-1.116861442126976
-1.1648608222359311
-1.2116404453855936
-1.2571523887768556
-1.3013500568864542
-1.3441882292122105
-1.3856231065786144
-1.4256123559554066
-1.4641151537430959
-1.501092227481278
-1.536505895936966
-1.5703201075320872
-1.6025004770708833
-1.633014320729739
-1.6618306892739059
-1.6889203994672108
-1.7142560636429596
-1.7378121174060073
-1.7595648454379509
-1.7794924053794432
-1.7975748497654815
-1.813794145991713
-1.8281341942917666
-1.8405808437076259
-1.8511219060373234
-1.8597471677461141
-1.866448399829596
-1.871219365619262
-1.8740558265231035
-1.8749555456961007
-1.8739182896375106
-1.8709458277140287
-1.8660419296100843
-1.859212360708622
-1.8504648754079234
-1.839809208382107
-1.8272570637951049
-1.8128221024800086
-1.796519927097834
-1.7783680652917417
-1.758385950854926
-1.7365949029324028
-1.7130181032788845
-1.687680571597086
-1.6606091389825994
-1.631832419503632
-1.6013807799456439
-1.5692863077528763
-1.5355827772007364
-1.5003056138345587
-1.463491857212352
-1.4251801219906417
-1.3854105573943565
-1.344224805113339
-1.3016659556695955
-1.257778503301119
-1.212608299409534
-1.1662025046202291
-1.118609539505277
-1.069879034020494
-1.0200617757096773
-0.9692096567299755
-0.917375619753676
-0.8646136028030507
-0.8109784830754903
-0.7565260198177872
-0.701312796308805
-0.6453961610111748
-0.5888341679531761
-0.5316855164027553
-0.4740094898966318
-0.4158658946876541
-0.35731499767449193
-0.29841746387819146
-0.2392342935303161
-0.17982675883821508
-0.12025634049282391
-0.060584663985009224
-0.0008734357963769424
0.058815620469308605
0.11842082794786185
0.17788062030355223
0.23713360537895345
0.2961186286400001
0.35477483635062707
0.4130417384115429
0.47085927079841144
0.5281678575347076
0.5849084721353541
0.6410226984577955
0.6964527908974802
0.7511417338659787
0.80503330049011
0.8580721104717972
0.9102036870490492
0.9613745129992334
1.0115320856273182
1.0606249706822493
1.1086028551462166
1.155416598842568
1.201018284809262
1.2453612683863686
1.2884002249671453
1.3300911963637607
1.3703916357403536
1.4092604510672224
1.4466580470519614
1.48254636550456
1.5168889240953256
1.5496508534662112
1.5807989326576397
1.6103016228149065
1.6381290991399122
1.6642532810557877
1.6886478605539972
1.711288328695177
1.7321520002370745
1.7512180363648298
1.7684674655007735
1.7838832021730535
1.7974500639242401
1.809154786243272
1.8189860355060068
1.8269344199118451
1.8329924984058796
1.8371547875781562
1.8394177665337457
1.8397798797293616
1.838241537774485
1.8348051161969456
1.8294749521750886
1.822257339240755
1.8131605199593868
1.8021946765956738
1.789371919775222
1.7747062751548572
1.7582136681161344
1.7399119064987563
1.7198206613926181
1.6979614460091068
1.674357592654419
1.6490342278294499
1.6220182454829104
1.5933382784460832
1.5630246680795417
1.5311094321641268
1.497626231070019
1.4626103322397894
1.4260985730228657
1.3881293219005948
1.3487424381427768
1.3079792299380582
1.265882411042226
1.2224960559899796
1.1778655539170277
1.1320375610411075
1.0850599518515411
1.0369817690585799
0.9878531723548019
0.9377253860421274
0.8866506455793155
0.8346821431055488
0.7818739719971597
0.7282810705152574
0.6739591646029501
0.6189647098919181
0.563354832978546
0.507187272030976
0.4505203167887112
0.39341274801718945
0.3359237764804106
0.27811298149483454
0.22004024912854087
0.16176571010973617
0.10334967750896523
0.044852584259915174
-0.013665079416741277
-0.07214282862132348
-0.1305202463501977
-0.18873704597320912
-0.24673313354857945
-0.3044486699110915
-0.36182413246911554
-0.4188003766466862
-0.47531869690727135
-0.531320887295925
-0.5867493014376598
-0.6415469119299164
-0.6956573690678937
-0.7490250588423841
-0.8015951601501397
-0.85331370115804
-0.9041276147629599
-0.953984793090299
-1.0028341409752604
-1.0506256283717905
-1.0973103416354766
-1.1428405336277785
-1.1871696725901466
-1.2302524897381182
-1.272045025526461
-1.312504674538261
-1.3515902289518837
-1.3892619205415608
-1.4254814611687194
-1.4602120817227602
-1.49341856947175
-1.5250673037849245
-1.5551262901908514
-1.5835651927367274
-1.6103553646159514
-1.6354698770332152
-1.6588835462778486
-1.6805729589782976
-1.7005164955124084
-1.7186943515500182
-1.735088557706539
-1.7496829972879002
-1.7624634221094495
-1.7734174663732807
-1.7825346585904693
-1.7898064315368338
-1.7952261302327823
-1.7987890179398724
-1.8004922801688448
-1.8003350266958462
-1.7983182915857119
-1.7944450312231899
-1.788720120355085
-1.7811503461483307
-1.7717444002710985
-1.7605128690060143
-1.747468221406721
-1.732624795510894
-1.7159987826249283
-1.6976082096975202
-1.677472919801209
-1.655614550743074
-1.632056511827567
-1.606823958796439
-1.579943766972589
-1.5514445026364632
-1.5213563926655227
-1.4897112924690732
-1.4565426522523819
-1.4218854816459503
-1.3857763127372151
-1.3482531615438733
-1.3093554879693818
-1.2691241542828142
-1.227601382166938
-1.1848307083794745
-1.1408569390742964
-1.09572610283049
-1.0494854024384412
-1.0021831654936828
-0.9538687938500231
-0.9045927119850884
-0.854406314332133
-0.8033619116331826
-0.7515126763696675
-0.6989125873273728
-0.6456163733536313
-0.5916794563654334
-0.5371578936676926
-0.4821083196420268
-0.4265878868664549
-0.3706542067274835
-0.31436528958634286
-0.2577794845613932
-0.20095541898949704
-0.14395193762902603
-0.08682804166774394
-0.029642827598798605
0.027544573971899633
0.08467505952328097
0.14168961375851985
0.19852937062283188
0.2551356741364387
0.3114501389800432
0.367414710769818
0.42297172595999055
0.4780639713108198
0.5326347428608792
0.5866279043425733
0.6399879449807838
0.6926600366150936
0.7445900900866221
0.7957248108315502
0.8460117536241675
0.8953993764129939
0.9438370931948992
0.9912753258726961
1.037665555043147
1.082960369663342
1.1271135155443628
1.1700799426228674